12.0, -12.0, 125.81140377865911
12.678422845518345, -12.734671463941899, 126.10599433267514
13.355894050635682, -13.470220708022788, 126.53760644195341
14.032888238879712, -14.206209054739737, 126.74627474080852
14.709622459370697, -14.942436456688828, 126.86478509203805
15.386212751850561, -15.678796134134139, 126.94716379015698
16.062731884039476, -16.415221190442907, 126.97706390758954
16.739238175083216, -17.15165804322936, 126.9483864632057
17.415768082770445, -17.888073200377374, 126.91157069848504
18.092356430741024, -18.624434664604717, 126.88008993180247
18.769026958012056, -19.360720611455008, 126.84696130291813
19.445806013393288, -20.096906801430126, 126.82696668127744
20.12271996724541, -20.832968955289022, 126.7888290698213
20.799774254353622, -21.56890202785998, 126.75999837060962
21.477024133862646, -22.304655106795867, 126.74704147863693
22.154460217790156, -23.04023674154792, 126.69552896344025
22.832112443652306, -23.7756192593795, 126.66907443096339
23.510032867505867, -24.510754541634004, 126.6395308401496
24.188211468879867, -25.245651653038298, 126.57718420913508
24.86670518289843, -25.980257841172826, 126.55038188752836
25.54555630261863, -26.714533760189425, 126.47344770410962
26.224765016986566, -27.4484789134986, 126.40311328071995
26.904453544001566, -28.18197973478287, 126.33643182543794
27.584611553109585, -28.91504523006867, 126.22066272898634
28.265355264289248, -29.647566831106158, 126.09012318357064
28.94675281019083, -30.3794802687607, 125.94497892857318
29.62894389571404, -31.110654069301244, 125.67842824117368
30.31202000159653, -31.841001149762413, 125.34944788542141
30.996315479873264, -32.57020578813012, 124.93184005513143
31.682022709247352, -33.29808278297649, 124.24397150154519
32.36961930737378, -34.02417488475237, 124.18918354641288
33.05973874601528, -34.74786929627367, 124.68281571740093
33.75182643890519, -35.46968240912221, 124.70750969775831
34.44562341703022, -36.18985261488204, 124.32787222909049
35.14133889422965, -36.90816952415503, 123.86375517303863
35.83936582774693, -37.62424021122069, 123.33051830535315
36.540049010697246, -38.337711554082496, 122.66209649510628
37.24389152068452, -39.04806595751381, 121.87768559952364
37.951456524845646, -39.754711994223605, 120.96868086151207
38.663433940585556, -40.45691129032589, 119.94268953059542
39.3805880172807, -41.15382202312763, 118.877347379461
40.10379515007785, -41.84444797785818, 117.92226950688088
40.83387221093434, -42.52780578771611, 117.27012297448435
41.57148679487155, -43.20301918850884, 117.16050316611926
42.31691218012361, -43.86959896885474, 120.66111177652061
43.069872195689854, -44.52765728233326, 114.96599255317929
43.82082194179208, -45.18797391564189, 114.670212256061
44.55458435148625, -45.86734910594071, 95.51636046144475
45.2857519661647, -46.5495062255361, 60.94956027850112
46.07227129149587, -47.16526670282708, 53.03530041193978
46.96920871833915, -47.60263311354947, 65.11425897744616
47.92915076481113, -47.8807087023564, 77.0133280999559
48.910201345026856, -48.07268739455637, 83.64604031166326
49.904573086201545, -48.17655461588408, 97.08512397059643
50.90319554431475, -48.22771720922787, 106.41810020466838
51.90297308577891, -48.24734413657638, 111.86221126036631
52.90295761262483, -48.245525291533944, 115.62586944290425
53.90279757243847, -48.22806599012218, 118.4628901657308
54.9023789306871, -48.199290539486746, 120.74469850419361
55.90168451879117, -48.16208755936149, 123.17849762224485
56.90076028215988, -48.119122588745114, 124.88129322127122
57.89971549562707, -48.07342396388866, 119.7364634809902
58.89875504673519, -48.029637040643706, 104.93324145180824
59.898293728401654, -48.00055361990634, 96.70847978228942
59.99999999999999, -48.0, 96.70847978228942